133.64 -21.85 48.6
135.58 -21.57 155.2
101.82 -15.72 176.1
110.50 -19.29 -124.5
124.26 -17.84 115.9
132.51 -31.36 101.9
105.71 -15.78 28.8
116.89 -16.03 40.1
123.15 -23.32 45.5
133.28 -17.61 53.5
118.20 -22.37 60.7
135.19 -25.48 44.9
125.88 -21.11 -137.7
130.13 -16.57 24.1
105.16 -15.37 45.5
102.84 -22.14 -93.7
102.05 -24.45 -140.4
119.66 -34.99 -235.6
122.38 -20.37 -48.3
135.19 -25.48 36.7
100.37 -27.51 88.8
103.32 -23.94 225.0
100.20 -35.53 178.5
107.86 -20.71 53.7
134.53 -30.72 3.1
135.92 -24.59 135.8
103.50 -26.49 131.7
101.38 -22.81 143.8
123.07 -23.30 113.3
120.54 -26.19 138.3
127.71 -22.59 137.2
110.52 -38.00 -1.8
114.36 -22.30 74.2
117.30 -20.09 50.2
107.86 -20.71 42.6
124.60 -23.91 58.2
113.56 -25.59    87.4
115.30 -28.59    22.1
117.43 -27.55    49.6
117.95 -24.76   -53.7
120.10 -22.08   -19.3
123.72 -27.68    43.1
125.24 -32.88    53.3
127.39 -26.81    26.2
129.68 -25.88    40.8
129.40 -20.95    53.5
132.99 -24.64    21.9
133.77 -25.02    45.4
133.79 -22.93    27.2
134.85 -25.24    43.7
135.98 -20.48    29.1
137.53 -19.79    23.1
137.79 -18.63    42.8
139.02 -18.77     4.8
141.21 -20.87     8.9
144.42 -26.78    40.2
147.54 -20.40   -10.9
148.57 -19.64    12.0
103.50 -26.49   131.4
106.85 -21.27    35.0
107.89 -21.27    32.7
105.99 -28.84   -97.3
107.70 -29.27    52.2
110.43 -20.39    66.5
110.32 -24.47    63.1
109.55 -31.34    14.4
138.53 -26.12 9.8
151.90 -49.13 -123.7
140.44 -25.62 41.0
140.57 -24.42 36.9
140.11 -20.79 49.1
150.67 -28.26 29.5
148.22 -23.83 46.5
147.92 -21.06 57.6
157.69 -28.18 15.3
159.89 -27.85 -207.0
159.51 -25.36 -17.5
108.09 -25.62 63.9
102.36 -21.78 47.6
109.55 -31.33 9.8
111.10 -25.76 84.5
100.38 -27.52 127.0
102.05 -24.46 11.9
120.62 -24.10 33.9
122.20 -22.57 53.7
103.29 -21.91 75.2
126.75 -23.38 45.4
127.38 -26.81 31.2
131.83 -25.84 16.6
133.65 -21.86 61.4
137.02 -32.59 40.3
147.32 -28.50 19.0
147.00 -26.88 48.2
145.29 -21.82 19.9
145.56 -20.18 21.9
111.76 -41.08 42.9
128.33 -20.23 5.1
128.90 -21.47 18.5
132.54 -28.80 -81.4
137.00 -24.91 67.8
135.71 -20.18 52.9
138.53 -26.12 35.1
140.83 -29.46 36.0
149.81 -40.14 -181.3
156.05 -38.43 -144.6
159.78 -37.27 -141.9
155.57 -27.97 -9.5
157.09 -27.14 -21.6
106.72 -21.38 57.4
100.65 -25.13 14.6
108.09 -20.75 69.1
103.57 -38.62 -81.1
110.43 -20.39 51.7
114.88 -24.99 58.5
122.39 -20.37 41.7
123.16 -23.32 49.0
123.34 -22.94 48.4
126.58 -24.53 55.3
135.20 -25.48 53.2
134.93 -24.34 48.0
136.63 -25.34 59.1
136.23 -22.91 84.7
