# x y z vx vy vz l b d mul mub vr tub tail
-4.525173799999999602e+01 3.520578559999999746e-02 3.851551279999999577e-01 -3.605414724789449306e-03 -1.605178220130824840e-01 3.756582973169180612e-04 3.140647576205259028e+00 1.033887955816575714e-02 3.725374569007266956e+01 1.034898187538038292e-02 9.183768133214536059e-06 3.244782730325023422e-03 2.253001620978000119e+03 -1.000000000000000000e+00
-3.357361309999999577e+01 -1.665758939999999910e+01 -3.311925359999999818e-01 1.546956584703461646e-01 -1.245746154800997513e-01 1.176278893064159871e-04 3.718922266377604924e+00 -1.085114503550998859e-02 3.052203564809178715e+01 1.236376117592188906e-02 2.559986789592805801e-05 6.116397971524867305e-02 5.355363689730000260e+03 1.000000000000000000e+00
-4.420726799999999734e+00 -2.269407559999999791e+01 4.473930699999999205e-02 2.985487585151080925e-01 2.035510605564770995e-02 1.111081045397609808e-03 4.868818801123669715e+00 1.947335302910508216e-03 2.297464397078536535e+01 1.144837180367478009e-02 2.728510046619674338e-05 2.486562382774235302e-01 1.423578137247000086e+03 1.000000000000000000e+00
-4.201315429999999651e+01 1.018394370000000038e+01 -1.540121539999999845e-01 -9.165480626365896111e-02 -1.507665391516300191e-01 3.434557289609593226e-03 2.850675472956412548e+00 -4.337728334178918808e-03 3.550536712194309530e+01 1.087912056494820534e-02 9.429195998658471427e-05 -1.999166278598460758e-02 3.987613464930000760e+02 -1.000000000000000000e+00
-4.397111199999999087e+01 5.203816999999999915e+00 -2.693210399999999560e-01 -5.032530590443518720e-02 -1.599991389913898998e-01 1.510616909471846790e-03 2.997922822003141086e+00 -7.409874034946484396e-03 3.634656990293057532e+01 1.068175984825320626e-02 4.047670801430816199e-05 -5.326428186074131169e-03 3.987613464930000760e+02 -1.000000000000000000e+00
-2.314834480000000028e+01 -2.151979719999999929e+01 -2.556294100000000014e-01 2.244499362424816624e-01 -8.464153830529129452e-02 8.275806936968451528e-04 4.099032972545073150e+00 -9.713238679664634376e-03 2.631804263436153946e+01 1.374672345387265016e-02 7.720835889374181617e-05 1.239869944266390328e-01 3.080431488059999992e+03 1.000000000000000000e+00
-2.667113270000000114e+01 -1.993330789999999908e+01 1.350611939999999955e-01 2.056194522495683463e-01 -9.815715494769625127e-02 -1.915660990554859293e-03 3.959674252543806894e+00 4.945073822623408978e-03 2.731238183797481156e+01 1.358315118391902748e-02 -8.738958221379327588e-05 9.527246736968407459e-02 4.025494573920000221e+03 1.000000000000000000e+00
-4.294740669999999483e+01 -8.731605799999998752e+00 7.304693799999999182e-02 6.940814403556878898e-02 -1.550457711274360328e-01 2.542814885029584353e-04 3.386430033887979807e+00 2.027857026805479374e-03 3.602176440371778199e+01 1.070279543868650832e-02 5.663894047728993188e-06 2.478403791890736521e-02 3.963686874930000158e+03 -1.000000000000000000e+00
-4.436241199999999196e+01 3.583858649999999813e+00 -5.036701799999999674e-01 -3.658840628773259857e-02 -1.606094180574832997e-01 -1.430829524809009400e-03 3.043350509168010642e+00 -1.378373356778747963e-02 3.654206798925239497e+01 1.060072163095539255e-02 -3.968375293638273587e-05 -1.390024417633807649e-03 4.107241097910000462e+02 -1.000000000000000000e+00
-1.605393389999999920e+00 -2.291840660000000085e+01 2.471432739999999961e-02 2.973041327660982946e-01 4.432582160683991301e-02 -1.926892545072239550e-04 4.984485168750774520e+00 1.038687843684916795e-03 2.379380099054285580e+01 9.994655795986987987e-03 -1.918304801180056532e-05 2.539243865106144415e-01 9.350952684660001069e+02 1.000000000000000000e+00
-5.824521999999999977e+00 -2.333141729999999825e+01 9.797365099999999494e-02 2.930814629247209813e-01 1.450586320909080448e-02 1.318183696882840395e-03 4.805362588162129356e+00 4.181055082734243429e-03 2.343282604790795176e+01 1.161943227391506669e-02 1.400332652890574072e-05 2.367947600106640460e-01 8.493617770290001090e+02 1.000000000000000000e+00
-4.487591799999999864e+01 2.768239809999999412e+00 -2.480135079999999936e-01 -2.845204757552162456e-02 -1.596594426953443502e-01 2.393288345727493651e-04 3.066664151153193796e+00 -6.706651124147831877e-03 3.698050825351840842e+01 1.043023496016744038e-02 6.394982813612569979e-06 -4.241251944129033336e-04 1.393670963151000024e+03 -1.000000000000000000e+00
-4.428698999999999586e+01 2.669301110000000143e+00 -1.990909889999999960e-01 -3.653294401751356474e-02 -1.622872285603589870e-01 -8.192532659271545758e-04 3.068164078273491580e+00 -5.471727568602959002e-03 3.638558023307925993e+01 1.068902228712243635e-02 -2.130913244369407901e-05 8.026705116305430862e-03 6.699189983040000698e+02 -1.000000000000000000e+00
-4.193719479999999322e+01 1.335564089999999915e+01 -3.683189509999999500e-01 -1.020153006759425274e-01 -1.415941730518222585e-01 -2.116436349684597436e-03 2.766667687035700318e+00 -1.009871509557311829e-02 3.647248269027713263e+01 1.037777539158384575e-02 -6.891168871433854797e-05 -3.929436606388709424e-02 1.595045385972000304e+03 -1.000000000000000000e+00
6.808581299999999281e+00 -2.038110129999999742e+01 -9.974486399999998865e-02 2.948863724417060683e-01 9.798827726809376804e-02 2.855538628780782996e-03 5.340734628426971220e+00 -3.959220719918382127e-03 2.519312047677829014e+01 6.506070615373123200e-03 1.567332571008531585e-04 2.760727893364662844e-01 3.987613464930000760e+02 1.000000000000000000e+00
-4.484427000000000163e+01 -5.032973699999999440e+00 -5.967557199999999895e-01 3.956224501694557971e-02 -1.573950810792511257e-01 6.738861542743867280e-04 3.277353645675593175e+00 -1.604629423439030839e-02 3.719122441500338994e+01 1.033247035548482198e-02 2.353440973082862340e-05 1.254391278470865997e-02 3.620752377480000632e+03 -1.000000000000000000e+00
-2.487928829999999891e+01 -1.988828689999999710e+01 -1.440509889999999904e-01 2.178861730819142972e-01 -9.444960974380385565e-02 -1.132142798033484825e-03 4.008647217795904716e+00 -5.522202636110941192e-03 2.608591727385985948e+01 1.429252230645908575e-02 -2.168758784541678463e-05 1.025702455612417796e-01 3.794214837959999841e+03 1.000000000000000000e+00
-4.354184299999999297e+01 -9.361628899999999476e+00 3.303466399999999692e-01 6.701587468168258843e-02 -1.536729626745808597e-01 6.269148357538620938e-05 3.399140345003471175e+00 8.987783336200245651e-03 3.675556867197843758e+01 1.042740658405546042e-02 -6.032528991889495635e-06 3.164466477840862518e-02 4.396343426370000088e+03 -1.000000000000000000e+00
-4.077863289999999807e+01 1.257944359999999939e+01 6.498125599999999835e-01 -1.110042482443172884e-01 -1.430408018025134398e-01 1.060988538692726182e-03 2.775155799942649715e+00 1.850602469613038537e-02 3.511557250624965576e+01 1.091939856786092525e-02 4.508541577008711370e-05 -2.820542798297703477e-02 8.174607204330000343e+01 -1.000000000000000000e+00
-3.194058060000000143e+00 -2.322015909999999650e+01 2.321616869999999777e-01 2.954075139833966523e-01 3.291586264486497798e-02 -1.558291817597074738e-03 4.916480101785341894e+00 9.790460311950717823e-03 2.371343006839951428e+01 1.055765018873722552e-02 -1.680856019299121649e-04 2.479395271637986065e-01 1.036779554052000094e+03 1.000000000000000000e+00
-1.444472339999999910e+00 -2.343339179999999544e+01 -1.573081469999999815e-01 2.935408179769870562e-01 4.823761806425403559e-02 6.266343703804009820e-04 4.985167280296519898e+00 -6.464695550050759618e-03 2.433358872025342379e+01 9.660394781970333203e-03 9.198382061787911332e-05 2.492965880515822241e-01 9.969034991579999883e+01 1.000000000000000000e+00
-3.905360619999999727e+01 1.639578389999999786e+01 -2.871969999999999801e-01 -1.294871751469807986e-01 -1.306815468062937358e-01 -3.977807719361596637e-04 2.655809867268118740e+00 -8.178291420162717845e-03 3.511738415424739657e+01 1.067846942264243960e-02 -2.333410202795810752e-05 -5.155467416989843732e-02 3.688541723970000135e+02 -1.000000000000000000e+00
-4.513348799999999272e+01 7.607233199999999806e-01 4.884056099999999345e-01 -7.975453430681095357e-03 -1.597091953763574157e-01 -5.383570044874759790e-04 3.121109338751091755e+00 1.314918252001648705e-02 3.714449045357352475e+01 1.036013106870363812e-02 -1.452571095487834038e-05 8.719300515126919885e-05 1.519280775333000065e+03 -1.000000000000000000e+00
-4.427967999999999904e+01 3.797857609999999884e+00 -3.314909560000000033e-01 -4.007099691180397022e-02 -1.597588671850020958e-01 -1.234567976046732803e-03 3.037289771158734553e+00 -9.087190266748243483e-03 3.647942967731464847e+01 1.060467411674013462e-02 -3.389256135172160326e-05 -1.939332813531319559e-04 2.352692024064000123e+02 -1.000000000000000000e+00
-4.502185999999999666e+01 -9.360141099999998993e-01 2.493723509999999643e-01 1.890504831653820996e-03 -1.613531850547863244e-01 -1.054472651974226001e-03 3.166870009933923757e+00 6.733560116682094088e-03 3.703453019606380536e+01 1.043034640442691043e-02 -2.990384573656536631e-05 7.867683444666801959e-03 2.077546607252999820e+03 -1.000000000000000000e+00
-3.857357999999999265e+01 -1.525546259999999954e+01 -5.462977999999999446e-01 1.252251042877401133e-01 -1.387578982211840339e-01 1.916257828633332239e-04 3.604420201919607436e+00 -1.598707598422189485e-02 3.417266999288587925e+01 1.116226861436588579e-02 2.916518379942959402e-05 5.034900342970310971e-02 5.656429313190000357e+03 -1.000000000000000000e+00
-1.968055389999999738e+00 -2.335949199999999948e+01 3.993583289999999564e-02 2.949908595416229073e-01 4.284231505617808189e-02 2.184724977525004386e-03 4.965091297252156366e+00 1.655320601341857658e-03 2.412575008464859039e+01 9.951188719284582984e-03 7.339411455368691217e-05 2.501264871502986153e-01 9.969034991579999883e+01 1.000000000000000000e+00
8.758119599999998783e+00 -2.000697119999999884e+01 3.193106470000000030e-01 2.837953741005299624e-01 1.202669487795795245e-01 4.160446641163658668e-04 5.409648251515805306e+00 1.223438086576936722e-02 2.610010399241392420e+01 5.759411250078953944e-03 -1.071120691593714809e-04 2.625021844015242856e-01 3.588852915990000270e+02 1.000000000000000000e+00
-1.270405759999999873e+01 -2.303523759999999854e+01 3.541692850000000004e-02 2.745654106999785293e-01 -2.989180217490247995e-02 2.817840782994985530e-03 4.510947318104351567e+00 1.506419959344103016e-03 2.351066956833420107e+01 1.361137055781346840e-02 1.073720542250484436e-04 1.948028295194880466e-01 2.502227362842000275e+03 1.000000000000000000e+00
8.386977999999999156e+00 -2.022776759999999996e+01 2.400333099999999720e-01 2.842840049501412225e-01 1.157487066063321024e-01 -3.043749656762622042e-04 5.393272022836971935e+00 9.220232325973454907e-03 2.603369443705605235e+01 5.843606676519169998e-03 -1.051322009848458950e-04 2.638244538561316244e-01 1.168370747882999922e+03 1.000000000000000000e+00
-2.273394520000000085e+01 -2.101959540000000004e+01 2.073661239999999850e-01 2.283418380972800088e-01 -8.362739880609815213e-02 -1.984347510447581359e-03 4.101017428701279499e+00 8.078197730841230051e-03 2.567012919028042361e+01 1.418534753378875718e-02 -1.155825400153824600e-04 1.216341978915899819e-01 3.814151004450000073e+03 1.000000000000000000e+00
-1.028552260000000018e+01 -2.341045129999999475e+01 3.208392969999999678e-01 2.819828625809193690e-01 -1.541513065589371345e-02 -1.406416744717905792e-03 4.615069091358064313e+00 1.363926436612832548e-02 2.352394060269838505e+01 1.292456836154833727e-02 -1.826231062205000365e-04 2.118360841036087128e-01 1.547194066928999973e+03 1.000000000000000000e+00
-3.229431149999999917e+01 2.133852639999999923e+01 2.755664030000000153e-01 -1.840250741956960534e-01 -1.031841651902757340e-01 2.339115181060067231e-03 2.420877334354519128e+00 8.522050883760316428e-03 3.233608227700120352e+01 1.138137232308198549e-02 9.297293236719651407e-05 -7.828680267459597886e-02 3.987613464930000760e+02 -1.000000000000000000e+00
-1.658924949999999754e+01 -2.325461929999999811e+01 -5.539139599999999275e-01 2.572224930506185614e-01 -4.804852229256236645e-02 1.142789160093435645e-03 4.358575014510294388e+00 -2.234037954482643099e-02 2.479635752356110601e+01 1.354947565558446004e-02 1.965315816507464807e-04 1.669431070515678683e-01 1.814364219591000165e+03 1.000000000000000000e+00
6.808581299999999281e+00 -2.038110129999999742e+01 -9.974486399999998865e-02 2.948863724417060683e-01 9.798827726809376804e-02 2.855538628780782996e-03 5.340734628426971220e+00 -3.959220719918382127e-03 2.519312047677829014e+01 6.506070615373123200e-03 1.567332571008531585e-04 2.760727893364662844e-01 3.987613464930000760e+02 1.000000000000000000e+00
9.162100299999998754e+00 -1.957100279999999870e+01 -4.074725149999999796e-01 2.876581619027199221e-01 1.146277832319607393e-01 3.136086492057581047e-03 5.432302390671130965e+00 -1.565266826356758942e-02 2.603320708547735407e+01 5.513292622653587910e-03 2.843708791721684869e-04 2.725584385296482837e-01 5.423153036219999876e+02 1.000000000000000000e+00
-2.314834480000000028e+01 -2.151979719999999929e+01 -2.556294100000000014e-01 2.244499362424816624e-01 -8.464153830529129452e-02 8.275806936968451528e-04 4.099032972545073150e+00 -9.713238679664634376e-03 2.631804263436153946e+01 1.374672345387265016e-02 7.720835889374181617e-05 1.239869944266390328e-01 3.080431488059999992e+03 1.000000000000000000e+00
-3.664931709999999754e+01 -1.528942829999999908e+01 -1.675933599999999968e-01 1.343088342718289363e-01 -1.298648976306276681e-01 3.177446238682569805e-03 3.631816054143851336e+00 -5.160827781394305806e-03 3.247426789893052046e+01 1.158792583449052768e-02 1.055650236877560987e-04 4.856896835521101047e-02 5.656429313190000357e+03 1.000000000000000000e+00
-4.576627599999999774e+01 -5.279823799999999956e+00 -1.011305819999999966e-01 4.037695325577108502e-02 -1.547469153774106432e-01 -6.608936848084076424e-04 3.280494990279582357e+00 -2.652004004186167812e-03 3.813369074272562642e+01 1.000894192953879352e-02 -1.645535247066113186e-05 1.259146229522223326e-02 4.304627489880000212e+03 -1.000000000000000000e+00
1.564546399999999871e+01 -1.657433709999999749e+01 -2.611793769999999903e-01 2.530965465617958654e-01 1.615575333551500514e-01 1.632554325543255150e-03 5.671820650770857952e+00 -9.044649998174530969e-03 2.887706412962893765e+01 3.231957066044788707e-03 1.328501987121577890e-04 2.436404407264401439e-01 5.223772761750000200e+02 1.000000000000000000e+00
-1.958331799999999845e+01 -2.190026119999999921e+01 1.013382289999999880e-01 2.452077705180721323e-01 -6.903250805902554077e-02 -1.298095324072506655e-03 4.225879934517870140e+00 4.090339182084064100e-03 2.477508760739316074e+01 1.429785531914491356e-02 -7.637825832757408708e-05 1.452614362666217462e-01 3.158190247049999925e+03 1.000000000000000000e+00
1.411515849999999972e+01 -1.731241490000000027e+01 -3.086425619999999537e-01 2.611265257606704138e-01 1.552818860940902712e-01 1.944755633794869720e-03 5.619001763479641198e+00 -1.098891711557337635e-02 2.808727835481647617e+01 3.776593974457034559e-03 1.664922649389309465e-04 2.485532971943810177e-01 5.443091861220000283e+02 1.000000000000000000e+00
-4.511233199999999499e+01 -3.468323670000000192e+00 -3.024381779999999603e-02 2.184341642498993652e-02 -1.598381544549390132e-01 9.441234375646506910e-04 3.234776748046777506e+00 -8.113906309866267133e-04 3.727405760373588350e+01 1.033420808157446517e-02 2.563528919915716305e-05 1.405919049340500007e-02 3.128282009550000112e+03 -1.000000000000000000e+00
-4.389044399999999513e+01 7.663636299999999402e+00 8.928236199999999290e-01 -6.527034165754500017e-02 -1.533534035982561383e-01 -1.039502044378241841e-03 2.931223306617314339e+00 2.432313475183426124e-02 3.671038580391444128e+01 1.045350647555340871e-02 -1.825370423426467677e-05 -1.519689712180886075e-02 9.291138868169999796e+02 -1.000000000000000000e+00
1.334866629999999965e+01 -1.792463599999999602e+01 -1.577940469999999928e-01 2.633540742746876551e-01 1.497197272156207681e-01 1.388985999676510541e-03 5.584751924161674985e+00 -5.660557708823251051e-03 2.787620898692144777e+01 4.006731722990834223e-03 1.006101505717108078e-04 2.500824624942417640e-01 1.168370747882999922e+03 1.000000000000000000e+00
-4.144490069999999804e+00 -2.302406619999999648e+01 3.245487779999999822e-01 2.967954455691345639e-01 2.555021760309346066e-02 2.047023595924032168e-05 4.878305217164660590e+00 1.390159635726000500e-02 2.334690371573096357e+01 1.112802807658338881e-02 -1.454322644410640706e-04 2.457016557600613105e-01 7.337208456450000540e+02 1.000000000000000000e+00
-1.127367980000000003e+01 -2.296885419999999911e+01 2.734215629999999994e-02 2.798989433931036164e-01 -2.513954771657807979e-02 -2.281868866395085713e-03 4.570815569587786342e+00 1.178491145210677727e-03 2.320099114881294966e+01 1.346465284671262592e-02 -1.089245691858337219e-04 2.081368214241672010e-01 2.440419398000999990e+03 1.000000000000000000e+00
-4.964861699999999267e+00 -2.311760839999999817e+01 8.358400199999999058e-02 2.943521295763416035e-01 1.858476138889829377e-02 -2.532084739196015580e-03 4.842933505020082130e+00 3.584819090241661739e-03 2.331615038811655438e+01 1.136464452040440200e-02 -1.459537426178718626e-04 2.429619600308100813e-01 1.920036004326000239e+03 1.000000000000000000e+00
-4.221512529999999686e+01 -1.005036419999999886e+01 -3.592774269999999825e-01 8.840812033808410908e-02 -1.506663221127624019e-01 9.427728690130936142e-04 3.427296837856812939e+00 -1.007454703833804248e-02 3.566249710994581079e+01 1.080605218843917921e-02 3.238107422613921936e-05 2.103936570684310919e-02 4.801085622810000132e+03 -1.000000000000000000e+00
-2.764509129999999715e+01 -1.973295369999999593e+01 -6.353937999999999253e-02 1.930067594253924157e-01 -1.049519057667640809e-01 3.379344106285098940e-04 3.929222066765969856e+00 -2.281928249428960033e-03 2.784462445723572799e+01 1.327255295661640411e-02 2.013962749545997928e-05 9.765630759867360844e-02 4.934670433290000801e+03 1.000000000000000000e+00
1.092571949999999958e+01 -1.907713060000000027e+01 -1.165938549999999928e-02 2.762203828460302324e-01 1.317152574186292169e-01 -8.405091122470857300e-05 5.493802961057719259e+00 -4.338813840388426666e-04 2.687228882070537139e+01 4.852483607902898476e-03 1.082449839668915742e-06 2.607597857942064445e-01 1.122513311339999973e+03 1.000000000000000000e+00
-3.981534260000000103e+01 -1.355655409999999961e+01 7.244012199999999568e-01 1.103243218945950677e-01 -1.457730747674449157e-01 -1.981950453449488146e-03 3.544395615970390434e+00 2.094357281137600169e-02 3.459076380985448651e+01 1.111356747990755595e-02 -8.383025978515721470e-05 4.379545857851990798e-02 5.148007885259999966e+03 -1.000000000000000000e+00
-4.290173639999999722e+01 1.049262349999999877e+01 -8.961789099999999397e-01 -8.660193303767899087e-02 -1.471182410447957611e-01 7.724173277512591171e-05 2.849554969379023195e+00 -2.458505370913660962e-02 3.645585670762059749e+01 1.046217628236697193e-02 -1.419905382371962651e-05 -2.419290588698567307e-02 3.588852915990000270e+02 -1.000000000000000000e+00
1.564546399999999871e+01 -1.657433709999999749e+01 -2.611793769999999903e-01 2.530965465617958654e-01 1.615575333551500514e-01 1.632554325543255150e-03 5.671820650770857952e+00 -9.044649998174530969e-03 2.887706412962893765e+01 3.231957066044788707e-03 1.328501987121577890e-04 2.436404407264401439e-01 5.223772761750000200e+02 1.000000000000000000e+00
-4.557948400000000078e+01 -2.046589299999999945e+00 2.909125009999999900e-01 8.776686715491007276e-03 -1.595987560701294938e-01 1.037281450887903326e-03 3.195999189650826189e+00 7.729650069967054955e-03 3.763629598608726923e+01 1.021660363242694360e-02 2.506443280618168761e-05 1.215813843780554765e-02 3.130275892050000039e+03 -1.000000000000000000e+00
-5.143530999999999409e+00 -2.323487369999999785e+01 -1.442702889999999960e-01 2.934787079980891167e-01 1.788629909234871682e-02 4.741084366806969791e-03 4.834714037490943639e+00 -6.162737740747574987e-03 2.341024529814244914e+01 1.136336321194364972e-02 2.660588978321869668e-04 2.413393033112213315e-01 1.740593225601000086e+03 1.000000000000000000e+00
-2.621941770000000105e+01 -2.021319489999999774e+01 1.132574849999999911e-01 2.077957276820474319e-01 -9.532982460099828637e-02 -2.647316541972758700e-04 3.978821576491183620e+00 4.161940658611124229e-03 2.721274070450030536e+01 1.355314109533564855e-02 -2.484039478669954306e-05 9.880940997556468541e-02 4.075341636420000214e+03 1.000000000000000000e+00
2.202173619999999943e+01 -1.171933179999999908e+01 -3.517131249999999598e-02 2.094628306833526965e-01 1.913425678293479981e-01 -2.223807358257068496e-03 5.911015444155391485e+00 -1.091325586427704334e-03 3.222807191443671826e+01 1.390664117824905437e-03 -6.198036637614224686e-05 2.073633117794429492e-01 5.243711586750000606e+02 1.000000000000000000e+00
-4.529426499999999578e+01 -3.700219229999999748e-01 -2.299809849999999711e-01 -8.479938499384992792e-03 -1.615102391941350413e-01 1.743368879560355019e-03 3.151514012331859682e+00 -6.166276543467572209e-03 3.729680964060045056e+01 1.036043328884614714e-02 4.877810234444647508e-05 1.230314786807994686e-02 2.544097300236000137e+03 -1.000000000000000000e+00
-7.615725699999999598e+00 -2.380656299999999703e+01 -8.095971199999998924e-02 2.869713937506346846e-01 6.253011085156722111e-03 -1.805016268511308889e-03 4.728529106581467190e+00 -3.400274752090128461e-03 2.380980182793583211e+01 1.190288181850173571e-02 -4.391330370391954802e-05 2.233515738833515840e-01 6.400120900590001156e+02 1.000000000000000000e+00
-4.448268299999999442e+01 -5.286394200000000154e+00 5.219683999999999990e-01 3.979887756675731803e-02 -1.596309109237881163e-01 8.274825146416601692e-04 3.285492567615072357e+00 1.415846944869191687e-02 3.686739173750810750e+01 1.048075813185889681e-02 1.638669246821392616e-05 1.577966611157907706e-02 3.487167567000000417e+03 -1.000000000000000000e+00
-3.034586969999999795e+01 -1.857487769999999827e+01 1.885844120000000068e-01 1.772706139905435574e-01 -1.153890024863551272e-01 2.138621257772210533e-03 3.835096813711654118e+00 6.489852808889116226e-03 2.905855361678871773e+01 1.290793346663682457e-02 5.544633741468930535e-05 8.127588366627074012e-02 3.818138769449999927e+03 1.000000000000000000e+00
1.825532319999999942e+01 -1.450207679999999932e+01 -1.431853559999999859e-01 2.336287883062316550e-01 1.819338764947282250e-01 2.904956498188834575e-03 5.778541151636684248e+00 -4.773731350836799524e-03 2.999454500231215803e+01 2.509275066221350933e-03 1.327097699756079642e-04 2.253104165515299462e-01 5.263650411750001012e+02 1.000000000000000000e+00
-4.420726799999999734e+00 -2.269407559999999791e+01 4.473930699999999205e-02 2.985487585151080925e-01 2.035510605564770995e-02 1.111081045397609808e-03 4.868818801123669715e+00 1.947335302910508216e-03 2.297464397078536535e+01 1.144837180367478009e-02 2.728510046619674338e-05 2.486562382774235302e-01 1.423578137247000086e+03 1.000000000000000000e+00
